-0.126 0.924 0.200 0.296 -1.278 0.200
0.325 1.112 0.200  0.986 -1.126 0.200
1.686 1.210 -0.195 1.066 -0.995 -0.682
3.474 1.363 -0.945 1.450 -1.090 -1.316
4.505 -1.081 -1.358 1.513 -1.793 -1.353
4.822 -2.835 -1.358 1.619 -3.548 -1.375
4.888 -3.432 -0.350 2.762 -6.420 -0.267
5.392 -3.432 0.128 4.490 -6.592 0.203
5.815 -3.329 0.216 6.293 -6.234 0.230
5.997 -3.173 0.765 8.092 -5.271 0.816
6.218 -2.132 1.557 10.325 -1.985 1.788
5.761 -0.397 1.412 9.683 2.907 -2.340
5.476 1.372 1.266 7.597 5.307 3.038
4.758 2.847 3.105 5.011 5.783 -3.025
4.202 2.786 -2.956 3.668 5.522 -2.950
2.883 2.512 -2.942 2.264 5.303 -2.990
1.641 2.371 -2.953 1.144 5.098 -2.938
-0.001 2.010 -2.721 -0.675 4.713 -2.805
-0.602 1.571 -1.783 -3.102 2.804 -1.739
-0.650 1.397 -1.457 -3.296 1.478 -1.505
-0.641 1.184 -1.049 -3.053 -0.380 -0.486
-0.390 0.860 0.130 -0.934 -1.486 0.213 
-0.126 0.924 0.200 0.296 -1.278 0.200


